0	0.000000	87.532127	87.532127	4.930770
1	51.414239	87.831225	36.416986	51.980381
2	52.490136	87.278897	34.788761	147.766783
3	53.397186	87.307259	33.910073	289.415539
4	54.619250	86.713818	32.094568	463.248253
5	58.792845	86.419049	27.626204	663.610012
6	60.431637	85.969264	25.537627	878.213091
7	60.674493	84.917270	24.242777	1113.895036
8	60.934714	84.611545	23.676831	1365.505721
9	62.228105	83.927321	21.699216	1655.960096
10	62.552795	83.814593	21.261798	1969.643518
11	62.894730	83.528477	20.633747	2298.631758
12	63.803225	84.053163	20.249938	2734.321939
13	63.906987	83.474298	19.567311	3172.652813
14	64.108226	83.617583	19.509357	3631.437982

64.108226	3631.535949
Agent policy:
  Deterministic policy v928_a1 --> 0.498825
  Deterministic policy v997_a1 --> 0.501175
Nature policy:
  Environment 0 --> 0.638854
  Environment 1 --> 0.0
  Environment 2 --> 0.361146