0	0.000000	28.277741	28.277741	3.625845
1	15.034726	32.106708	17.071982	22.519346
2	18.095022	31.559286	13.464264	58.108583
3	18.489072	29.373618	10.884546	126.935416
4	19.102025	28.612479	9.510454	244.984911
5	19.393516	29.071087	9.677571	417.136504
6	19.629343	28.156354	8.527011	641.744133
7	19.855944	28.968624	9.112680	913.716961
8	20.038450	28.396557	8.358107	1222.636364
9	20.246322	28.142277	7.895955	1585.853220
10	20.383895	28.723895	8.340000	2022.316566
11	20.474869	29.591333	9.116464	2518.238714
12	20.484137	28.281376	7.797239	3069.045735
13	20.497900	28.111344	7.613444	3654.027247

20.497900	3654.150767
Agent policy:
  Deterministic policy v571_a2 --> 0.48975
  Deterministic policy v576_a2 --> 0.350898
  Deterministic policy v734_a2 --> 0.159352
Nature policy:
  Environment 0 --> 0.819003
  Environment 1 --> 0.178397
  Environment 2 --> 0.0
  Environment 3 --> 0.002601