0	15.603714	36.576837	20.973123	4.163168
1	20.671291	49.776305	29.105014	40.512148
2	21.026185	43.183981	22.157796	114.125834
3	21.815408	47.414794	25.599386	240.471071
4	23.090317	40.492933	17.402616	419.634018
5	24.695710	45.792932	21.097222	555.576721
6	25.607243	43.535820	17.928577	688.762257
7	26.299966	49.726240	23.426274	827.360688
8	26.630838	43.638041	17.007203	1073.956160
9	28.912645	45.463096	16.550451	1274.791930
10	29.236222	44.045912	14.809690	1614.382103
11	29.431024	42.431904	13.000880	1814.919199
12	30.486271	42.754050	12.267779	2110.163647
13	30.678428	39.655836	8.977408	2346.621543
14	31.194238	43.374193	12.179955	2696.475193
15	31.229573	42.854625	11.625052	3170.649502
16	31.295071	42.044401	10.749330	3688.702148

31.295071	3688.998145
Agent policy:
  Deterministic policy v807_a2 --> 0.596293
  Deterministic policy v809_a2 --> 0.21966
  Deterministic policy v929_a2 --> 0.184047
Nature policy:
  Environment 0 --> 0.763462
  Environment 1 --> 0.0
  Environment 2 --> 0.095893
  Environment 3 --> 0.140645
  Environment 4 --> 0.0