0	25.423690	66.011262	40.587572	4.404483
1	38.648613	57.560774	18.912161	31.746899
2	42.740399	55.793321	13.052922	74.456777
3	43.232326	52.519768	9.287442	141.585556
4	43.445499	53.217480	9.771981	216.965004
5	43.580609	51.507098	7.926489	317.577961
6	43.649573	51.137645	7.488072	401.725299
7	43.760869	50.645127	6.884258	510.180650
8	43.863612	50.267101	6.403489	626.163668
9	43.883400	50.105779	6.222379	763.011687
10	43.981272	49.881092	5.899820	889.302870
11	44.032153	49.971743	5.939590	1044.887482
12	44.127380	49.753127	5.625747	1203.824449
13	44.169817	49.602101	5.432284	1382.992094
14	44.192715	49.279086	5.086371	1558.833281
15	44.227369	49.164347	4.936978	1701.573113
16	44.246715	49.144413	4.897698	1888.544048
17	44.290116	49.285324	4.995208	2094.918096
18	44.315569	49.062792	4.747223	2318.029348
19	44.345552	49.075880	4.730328	2570.633020
20	44.359174	48.984133	4.624959	2814.587865
21	44.366878	48.914869	4.547991	3080.911943
22	44.422690	48.789108	4.366418	3284.808578
23	44.439173	48.772601	4.333428	3505.645157
24	44.458782	48.752960	4.294178	3685.058603

44.458782	3685.178526
Agent policy:
  Deterministic policy v1265_a0 --> 0.491967
  Deterministic policy v1351_a0 --> 0.508033
Nature policy:
  Environment 0 --> 0.291189
  Environment 1 --> 0.0
  Environment 2 --> 0.708811