0	27.585708	43.975809	16.390101	7.962450
1	33.904062	47.512366	13.608304	36.451409
2	34.013693	45.112951	11.099258	87.723313
3	34.290651	44.640439	10.349788	165.189394
4	34.442609	43.975809	9.533200	267.742282
5	34.710758	45.350651	10.639893	371.677945
6	35.007747	43.311069	8.303322	501.345725
7	35.040385	43.987647	8.947262	595.221755
8	35.171278	43.913387	8.742109	727.296909
9	35.234905	43.218149	7.983244	888.493496
10	35.247590	43.155075	7.907485	1067.487749
11	35.428104	42.635445	7.207341	1264.575289
12	35.475437	43.482046	8.006609	1471.777427
13	35.491382	43.492512	8.001130	1747.580621
14	35.508030	42.991451	7.483421	2028.780089
15	35.518477	43.032292	7.513815	2314.369379
16	35.521414	42.739161	7.217747	2636.315194
17	35.532224	42.604745	7.072521	2933.570735
18	35.568565	42.333503	6.764938	3299.796397
19	35.568565	42.333503	6.764938	3654.425604

35.568565	3654.710597
Agent policy:
  Deterministic policy v988_a1 --> 0.012294
  Deterministic policy v1186_a1 --> 0.987706
Nature policy:
  Environment 0 --> 0.963494
  Environment 1 --> 0.036506
  Environment 2 --> 0.0