0	0.000000	87.532134	87.532134	4.949365
1	41.082889	88.319249	47.236360	51.917714
2	46.461312	87.895829	41.434517	149.525508
3	53.072813	87.344032	34.271219	278.926373
4	53.217127	86.275880	33.058753	425.459979
5	53.539996	86.037999	32.498003	637.001690
6	54.194539	85.492341	31.297802	890.595793
7	54.374119	85.423037	31.048918	1150.712954
8	54.883930	85.205112	30.321182	1430.393111
9	55.121322	84.870953	29.749631	1718.904651
10	55.232269	84.803855	29.571586	1985.533689
11	55.469845	84.554906	29.085061	2282.839071
12	55.586268	84.759553	29.173285	2595.906243
13	55.740974	84.622095	28.881121	2852.672397
14	55.804834	84.672208	28.867374	3142.482726
15	55.962708	84.526559	28.563851	3410.045424
16	55.983606	84.559207	28.575601	3729.214728

55.983606	3729.454667
Agent policy:
  Deterministic policy v1031_a1 --> 0.875868
  Deterministic policy v1099_a1 --> 0.124132
Nature policy:
  Environment 0 --> 0.487977
  Environment 1 --> 0.0
  Environment 2 --> 0.512023