0	49.287536	80.499856	31.212320	1.133533
1	66.527880	80.499856	13.971976	8.137011
2	73.983091	80.499856	6.516765	13.205948
3	77.523499	80.499856	2.976357	16.414953
4	78.949585	80.499856	1.550271	18.373942
5	79.552303	80.499856	0.947553	19.513085
6	79.820854	80.499856	0.679002	20.226610
7	79.923487	80.499856	0.576369	20.616239
8	79.927814	80.499856	0.572042	20.848096
9	79.982410	80.499856	0.517446	21.002075
10	80.010630	80.499856	0.489226	21.080989

80.010630	21.082832
Agent policy:
  Deterministic policy v212_a2 --> 1.0
Nature policy:
  Environment 0 --> 0.0
  Environment 1 --> 1.0
  Environment 2 --> 0.0