0	25.423690	66.011262	40.587572	4.454121
1	38.551458	57.888769	19.337311	31.750447
2	42.107794	55.290078	13.182284	73.744698
3	42.991577	53.879842	10.888265	144.496453
4	43.404511	52.918047	9.513536	233.559167
5	43.698540	52.978696	9.280156	338.175308
6	43.840502	52.655310	8.814808	460.793146
7	44.074331	52.358183	8.283852	591.696484
8	44.152932	52.046410	7.893478	745.243557
9	44.269671	52.186388	7.916717	915.412597
10	44.312160	51.788882	7.476722	1095.202876
11	44.401219	51.921632	7.520413	1297.331691
12	44.471051	51.730323	7.259272	1515.830774
13	44.535895	51.393134	6.857239	1761.482504
14	44.617198	51.658334	7.041136	2027.182576
15	44.659522	51.278919	6.619397	2288.047165
16	44.704204	51.176161	6.471957	2565.900799
17	44.732508	51.572801	6.840293	2857.136167
18	44.744437	51.216605	6.472168	3134.142144
19	44.788480	50.809703	6.021223	3420.164739
20	44.810070	51.010930	6.200860	3723.075718

44.810070	3723.176769
Agent policy:
  Deterministic policy v1186_a0 --> 0.672312
  Deterministic policy v1187_a0 --> 0.327688
Nature policy:
  Environment 0 --> 0.418685
  Environment 1 --> 0.0
  Environment 2 --> 0.581315