0	0.000000	28.277753	28.277753	3.623906
1	14.858031	32.265279	17.407248	22.531709
2	19.028442	29.755809	10.727367	53.679868
3	20.163167	28.771751	8.608584	110.164637
4	20.612108	29.429174	8.817066	186.454520
5	21.028218	29.301792	8.273574	316.442959
6	22.089265	28.790833	6.701568	486.053268
7	22.218572	28.844090	6.625518	700.049305
8	22.277111	28.369779	6.092668	970.633238
9	22.298268	27.976132	5.677864	1285.863889
10	22.487765	28.946134	6.458369	1653.192594
11	22.515386	28.208890	5.693504	2061.926826
12	22.550714	28.719428	6.168714	2513.938593
13	22.556057	28.370301	5.814244	3023.069259
14	22.597290	28.094309	5.497019	3612.930524

22.597290	3613.061033
Agent policy:
  Deterministic policy v452_a2 --> 0.016152
  Deterministic policy v548_a2 --> 0.722751
  Deterministic policy v643_a2 --> 0.261097
Nature policy:
  Environment 0 --> 0.834656
  Environment 1 --> 0.154698
  Environment 2 --> 0.0
  Environment 3 --> 0.010645