0	59.035539	71.296298	12.260759	2.429199
1	63.558223	71.296298	7.738075	17.590605
2	65.497971	71.510476	6.012505	30.468003
3	66.638953	71.296298	4.657345	42.694300
4	66.857447	71.503460	4.646013	52.609162
5	67.070419	71.705385	4.634966	64.667088
6	67.944458	71.791093	3.846635	78.206119
7	68.573553	71.296298	2.722745	90.465981
8	68.627465	71.426831	2.799366	100.016312
9	68.695625	71.498411	2.802786	112.428815
10	68.986906	74.303149	5.316243	126.279867
11	69.098551	72.692722	3.594171	142.780729
12	69.104309	72.517354	3.413045	155.008482
13	69.117596	72.919699	3.802103	166.361529
14	69.137236	71.594740	2.457504	195.560911
15	69.159305	71.568849	2.409544	222.817785
16	69.216216	71.371592	2.155376	256.673181
17	69.333353	71.328534	1.995181	295.722717
18	69.365392	71.214039	1.848647	333.958102
19	69.385659	71.102355	1.716696	370.033995
20	69.409170	71.039044	1.629874	401.290350
21	69.451066	70.969653	1.518587	428.910646
22	69.469542	70.835710	1.366168	451.629069
23	69.476979	70.800779	1.323800	472.487015
24	69.500444	70.762890	1.262446	494.936115
25	69.506116	70.697846	1.191730	516.605155
26	69.513528	70.676999	1.163471	539.769578
27	69.519817	70.666775	1.146958	561.737534
28	69.528619	70.681762	1.153143	583.320759
29	69.535360	70.646742	1.111382	602.985626
30	69.549539	70.636259	1.086720	621.195373
31	69.555403	70.584005	1.028602	641.979789
32	69.556512	70.537877	0.981365	660.624909
33	69.557264	70.534024	0.976760	681.867080
34	69.563556	70.540358	0.976802	700.496390
35	69.565708	70.512860	0.947152	721.494390
36	69.568071	70.478822	0.910751	738.271882
37	69.569195	70.457067	0.887872	757.621432
38	69.570323	70.437820	0.867497	772.911139
39	69.574075	70.435968	0.861893	794.390238
40	69.579791	70.479107	0.899316	811.022152
41	69.580016	70.384889	0.804873	826.961768
42	69.580606	70.357134	0.776528	846.242740
43	69.580633	70.344996	0.764363	863.599122
44	69.580945	70.344618	0.763673	879.977668
45	69.581153	70.339312	0.758159	900.393901
46	69.581416	70.330342	0.748926	918.239079
47	69.581734	70.331483	0.749749	936.224924
48	69.582293	70.338940	0.756647	959.556791
49	69.582406	70.315204	0.732798	978.383819
50	69.583120	70.304977	0.721857	994.233459
51	69.583642	70.307038	0.723396	1014.885288
52	69.586463	70.309701	0.723238	1030.850823
53	69.588376	70.303052	0.714676	1047.919102
54	69.589078	70.296518	0.707440	1067.472660
55	69.591587	70.333991	0.742404	1090.924677
56	69.591665	70.293319	0.701654	1109.305951
57	69.591711	70.280100	0.688389	1118.517872
58	69.591760	70.278662	0.686902	1139.020079
59	69.595276	70.270748	0.675472	1166.749462
60	69.598819	70.262787	0.663968	1177.031659
61	69.600604	70.253707	0.653103	1198.309971
62	69.600630	70.242561	0.641931	1220.771615
63	69.601805	70.249204	0.647399	1229.762151
64	69.601925	70.236231	0.634306	1258.360820
65	69.604049	70.233775	0.629726	1266.430900
66	69.604152	70.228253	0.624101	1285.861331
67	69.604155	70.216993	0.612838	1294.784934
68	69.604181	70.206933	0.602752	1313.382890
69	69.604408	70.225263	0.620855	1323.397103
70	69.604925	70.207855	0.602930	1349.314931
71	69.606454	70.228043	0.621589	1359.603703
72	69.606508	70.198092	0.591584	1381.394984
73	69.607363	70.208241	0.600878	1388.111926
74	69.607518	70.204541	0.597023	1405.928139
75	69.608902	70.198527	0.589625	1412.619263
76	69.609390	70.197058	0.587668	1430.265321
77	69.610033	70.192455	0.582422	1460.047847
78	69.610063	70.178191	0.568128	1467.040895
79	69.612325	70.182619	0.570294	1487.666405
80	69.612340	70.179379	0.567039	1496.125376
81	69.612410	70.171941	0.559531	1512.562362
82	69.612613	70.200331	0.587718	1520.080528
83	69.612657	70.185715	0.573058	1541.296978
84	69.612827	70.180829	0.568002	1551.293587
85	69.613440	70.166223	0.552783	1582.131445
86	69.613545	70.160618	0.547073	1590.991918
87	69.613762	70.171272	0.557510	1614.748390
88	69.614176	70.185265	0.571089	1621.266819
89	69.614539	70.164724	0.550185	1643.908783
90	69.614910	70.160841	0.545931	1653.038284
91	69.615983	70.155081	0.539098	1674.670735
92	69.616157	70.147287	0.531130	1682.780840
93	69.617473	70.179104	0.561631	1717.290900
94	69.617630	70.167435	0.549805	1725.494841
95	69.617630	70.154269	0.536639	1733.947734
96	69.617906	70.154407	0.536501	1757.367356
97	69.617983	70.150212	0.532229	1764.276574
98	69.618741	70.170647	0.551906	1771.382114
99	69.618850	70.154076	0.535226	1797.655890
100	69.618922	70.150981	0.532059	1804.566555
101	69.619016	70.146796	0.527780	1811.704787
102	69.619435	70.144973	0.525538	1836.334543
103	69.619435	70.137086	0.517651	1854.264152
104	69.619444	70.130688	0.511244	1860.043226
105	69.619548	70.128834	0.509286	1881.831179
106	69.619580	70.129376	0.509796	1891.158611
107	69.619928	70.127580	0.507652	1912.339668
108	69.619989	70.126106	0.506117	1917.718374
109	69.619995	70.124349	0.504354	1924.549542
110	69.620028	70.128583	0.508555	1926.133855
111	69.620079	70.127827	0.507748	1944.567968
112	69.620606	70.175800	0.555194	1948.696952
113	69.620674	70.168800	0.548126	1954.239612
114	69.620898	70.145861	0.524963	1959.916063
115	69.620965	70.138989	0.518024	1980.451358
116	69.621242	70.136409	0.515167	1999.807890
117	69.621612	70.149241	0.527629	2006.868392
118	69.621702	70.138122	0.516420	2031.021055
119	69.621850	70.120467	0.498617	2039.199090

69.621850	2039.314412
Agent policy:
  Deterministic policy v1583_a2 --> 0.910538
  Deterministic policy v1594_a2 --> 0.089462
Nature policy:
  Environment 0 --> 0.252015
  Environment 1 --> 0.747985
  Environment 2 --> 0.0