0	27.585663	44.223663	16.638000	8.070723
1	33.673804	44.223663	10.549859	40.306658
2	34.602280	44.223663	9.621383	88.496491
3	35.191895	44.223663	9.031768	130.965838
4	35.467457	44.204182	8.736725	178.239097
5	35.685460	43.849568	8.164108	229.370214
6	35.812547	43.515740	7.703193	282.194016
7	35.888117	43.211138	7.323021	339.668849
8	35.945383	42.935723	6.990340	389.311721
9	35.972550	42.695789	6.723239	447.129529
10	35.993832	42.536447	6.542615	503.665596
11	36.008321	42.415708	6.407387	568.662376
12	36.017912	42.272815	6.254903	627.446866
13	36.023497	42.216827	6.193330	686.615980
14	36.027201	42.164617	6.137416	749.913348
15	36.029789	42.112346	6.082557	813.380353
16	36.031721	42.058258	6.026537	885.249487
17	36.033158	41.924533	5.891375	954.968611
18	36.034159	41.903791	5.869632	1030.136136
19	36.034819	41.880401	5.845582	1102.947125
20	36.035215	41.870641	5.835426	1191.631459
21	36.035623	41.847213	5.811590	1277.595612
22	36.035851	41.766861	5.731010	1365.389184
23	36.036025	41.697866	5.661841	1456.828078
24	36.036162	41.689091	5.652929	1534.794861
25	36.036236	41.657255	5.621019	1637.349590
26	36.036287	41.607949	5.571662	1724.399369
27	36.036339	41.606170	5.569831	1824.445323
28	36.036370	41.583766	5.547396	1904.327100
29	36.036385	41.563046	5.526661	2002.524485
30	36.036398	41.526214	5.489816	2098.453071
31	36.036406	41.512194	5.475788	2212.663767
32	36.036414	41.484173	5.447759	2314.105936
33	36.036420	41.472070	5.435650	2443.539699
34	36.036423	41.458769	5.422346	2540.508446
35	36.036425	41.454057	5.417632	2642.077400
36	36.036426	41.432851	5.396425	2791.692739
37	36.036428	41.427387	5.390959	2904.014027
38	36.036428	41.410929	5.374501	3024.380144
39	36.036429	41.395508	5.359079	3199.504626
40	36.036429	41.364501	5.328072	3318.139791
41	36.036430	41.333290	5.296860	3423.029132
42	36.036430	41.333207	5.296777	3607.596281

36.036430	3608.000885
Agent policy:
  Deterministic policy v1955_a1 --> 1.0
Nature policy:
  Environment 0 --> 0.0
  Environment 1 --> 0.0
  Environment 2 --> 1.0