0	49.287633	80.499894	31.212261	1.144255
1	54.635917	80.499894	25.863977	8.145998
2	60.113668	84.658228	24.544560	27.036369
3	61.880095	81.841744	19.961649	45.392753
4	64.678075	85.469151	20.791076	63.502727
5	72.854310	79.603440	6.749130	113.738483
6	72.854310	78.548380	5.694070	139.585077
7	73.410077	84.264264	10.854187	175.253325
8	73.802778	77.599546	3.796768	225.942193
9	73.990706	79.383602	5.392896	248.135391
10	73.991581	78.680503	4.688922	293.535621
11	73.998768	76.958109	2.959341	335.956263
12	74.052487	77.841886	3.789399	370.876254
13	74.145781	76.280343	2.134562	438.247397
14	74.294405	76.027453	1.733048	529.513549
15	74.358979	75.773571	1.414592	592.817972
16	74.413242	76.066352	1.653110	623.469592
17	74.416366	75.887133	1.470767	731.577292
18	74.418922	75.808947	1.390025	861.489169
19	74.462364	75.673278	1.210914	1015.166065
20	74.471622	75.465105	0.993483	1049.259785
21	74.481785	75.437154	0.955369	1136.214630
22	74.500875	75.569923	1.069048	1278.864712
23	74.502910	75.454902	0.951992	1438.045531
24	74.506214	75.337338	0.831124	1631.579964
25	74.526734	75.312213	0.785479	1668.313176
26	74.529636	75.446897	0.917261	1893.731190
27	74.529811	75.371544	0.841733	1937.993057
28	74.532000	75.286484	0.754484	1983.664617
29	74.543294	75.246311	0.703017	2137.367629
30	74.543871	75.201193	0.657322	2166.194880
31	74.555033	75.202154	0.647121	2412.147063
32	74.555767	75.188676	0.632909	2447.031776
33	74.557703	75.177444	0.619741	2482.685024
34	74.559010	75.159598	0.600588	2514.405250
35	74.561812	75.140396	0.578584	2551.301019
36	74.562144	75.134450	0.572306	2710.331366
37	74.562187	75.128178	0.565991	2731.438364
38	74.562187	75.120816	0.558629	2752.879694
39	74.565354	75.115494	0.550140	2778.957521
40	74.565354	75.092250	0.526896	2805.521613
41	74.565394	75.085876	0.520482	2832.497469
42	74.566658	75.082792	0.516134	2855.467692
43	74.567933	75.081246	0.513313	3006.164333
44	74.568025	75.076493	0.508468	3032.082713
45	74.568082	75.074920	0.506838	3041.069679
46	74.569216	75.071653	0.502437	3067.777190
47	74.576597	75.077612	0.501015	3090.383135
48	74.576597	75.055357	0.478760	3104.213063

74.576597	3104.293245
Agent policy:
  Deterministic policy v997_a4 --> 0.466985
  Deterministic policy v1008_a2 --> 0.533015
Nature policy:
  Environment 0 --> 0.504169
  Environment 1 --> 0.495831
  Environment 2 --> 0.0