0	25.423599	66.494106	41.070507	4.913370
1	45.872938	66.010896	20.137958	29.784766
2	52.136268	65.886713	13.750445	58.011025
3	53.760890	65.886713	12.125823	90.238215
4	54.270144	66.494106	12.223962	121.490180
5	54.409470	63.302125	8.892655	159.869176
6	54.570648	64.033597	9.462949	208.096462
7	54.580219	62.732465	8.152246	277.252351
8	54.634565	62.868910	8.234345	351.911487
9	54.679866	62.812392	8.132526	444.110864
10	54.703703	62.801114	8.097411	571.046987
11	54.720601	62.764167	8.043566	720.463850
12	54.732590	62.791374	8.058784	883.800084
13	54.740808	62.807682	8.066874	1041.426915
14	54.748792	62.755443	8.006651	1230.267944
15	54.824250	62.634292	7.810042	1443.819825
16	54.824251	61.954808	7.130557	1648.030148
17	54.826580	61.450811	6.624231	1828.206468
18	54.828048	61.027196	6.199148	1971.645016
19	54.840312	59.398297	4.557985	2073.733166
20	54.840886	59.109912	4.269026	2156.737218
21	54.841284	58.776774	3.935490	2228.932979
22	54.841526	58.626521	3.784995	2290.254960
23	54.841705	58.420363	3.578658	2349.521202
24	54.841772	58.285628	3.443856	2398.184434
25	54.845433	57.462922	2.617489	2444.053144
26	54.845500	57.284503	2.439003	2487.662579
27	54.845534	57.177604	2.332070	2530.410465
28	54.845561	57.102409	2.256848	2570.036940
29	54.845586	57.013285	2.167699	2608.733086
30	54.845598	56.913477	2.067879	2646.871509
31	54.845610	56.861634	2.016024	2681.091142
32	54.846618	56.401634	1.555016	2711.097508
33	54.846624	56.315420	1.468796	2738.312542
34	54.846627	56.253184	1.406557	2764.412719
35	54.846631	56.208964	1.362333	2789.235171
36	54.846632	56.147915	1.301283	2812.327629
37	54.846634	56.098951	1.252317	2834.709305
38	54.846903	55.860010	1.013107	2852.633486
39	54.846904	55.794545	0.947641	2869.550203
40	54.846904	55.768979	0.922075	2885.664433
41	54.846905	55.726761	0.879856	2899.823364
42	54.846905	55.698357	0.851452	2913.226400
43	54.846976	55.566100	0.719124	2923.690013
44	54.846976	55.539281	0.692305	2933.775675
45	54.846976	55.522307	0.675331	2937.229466
46	54.846977	55.506292	0.659315	2946.828896
47	54.846995	55.436743	0.589748	2951.077798
48	54.846995	55.428199	0.581204	2959.577535
49	54.846995	55.419509	0.572514	2963.078727
50	54.846995	55.413819	0.566824	2965.993325
51	54.847000	55.375878	0.528878	2972.785234
52	54.847000	55.361259	0.514259	2974.172703
53	54.847002	55.347527	0.500525	2975.588920
54	54.847002	55.338852	0.491850	2976.323466

54.847002	2976.330252
Agent policy:
  Deterministic policy v1608_a1 --> 1.0
Nature policy:
  Environment 0 --> 0.0
  Environment 1 --> 0.0
  Environment 2 --> 1.0