0	27.585708	43.975818	16.390110	7.935920
1	34.038250	47.665712	13.627462	36.428096
2	34.101287	44.679742	10.578455	89.497045
3	34.590357	43.975818	9.385461	194.912429
4	34.693247	45.736221	11.042974	317.373859
5	34.816410	43.875061	9.058651	443.164717
6	35.143125	43.289658	8.146533	599.359513
7	35.381359	43.311076	7.929717	796.610777
8	35.475733	44.257007	8.781274	965.852319
9	35.681753	43.362602	7.680849	1150.587881
10	35.692879	43.013955	7.321076	1334.034126
11	35.767576	44.676625	8.909049	1571.442498
12	35.767576	44.015870	8.248294	1844.663380
13	35.770362	43.175690	7.405328	2136.863961
14	35.776346	42.950953	7.174607	2421.008171
15	35.800489	43.155046	7.354557	2736.183826
16	35.834018	42.531270	6.697252	3115.556670
17	35.840322	42.608187	6.767865	3489.405178
18	35.865839	42.811896	6.946057	3937.691664

35.865839	3937.940797
Agent policy:
  Deterministic policy v1090_a1 --> 0.71251
  Deterministic policy v1095_a1 --> 0.28749
Nature policy:
  Environment 0 --> 0.937781
  Environment 1 --> 0.062219
  Environment 2 --> 0.0