0	61.649532	71.687847	10.038315	2.774354
1	65.267586	71.687847	6.420261	15.955512
2	66.015911	71.645450	5.629539	28.543580
3	66.977802	71.498004	4.520202	39.331229
4	67.735546	71.384586	3.649040	49.261542
5	68.340737	71.300399	2.959662	58.151232
6	68.845113	71.237452	2.392339	64.811436
7	69.228015	71.174953	1.946938	70.137620
8	69.527945	71.136622	1.608677	74.123287
9	69.772590	71.087567	1.314977	77.486421
10	69.975594	71.052192	1.076598	79.706837
11	70.127531	71.018589	0.891058	81.327512
12	70.241996	71.003084	0.761088	82.369798
13	70.329746	70.973770	0.644024	83.053505
14	70.366399	70.968316	0.601917	83.647955
15	70.366399	70.956725	0.590326	84.075939
16	70.418402	70.951163	0.532761	84.396292
17	70.418402	70.941600	0.523198	84.634308
18	70.434971	70.939541	0.504570	84.873676
19	70.443886	70.928714	0.484828	84.975410

70.443886	84.977603
Agent policy:
  Deterministic policy v379_a2 --> 1.0
Nature policy:
  Environment 0 --> 0.0
  Environment 1 --> 0.0
  Environment 2 --> 1.0