0	0.000000	28.277670	28.277670	3.558523
1	19.904647	28.277670	8.373023	22.346611
2	22.674487	27.644440	4.969953	40.233069
3	23.472832	27.368614	3.895782	54.574915
4	23.827207	26.619065	2.791858	65.014190
5	23.940314	26.114707	2.174393	73.481832
6	24.001553	25.751885	1.750332	79.825973
7	24.031476	25.478961	1.447485	85.083412
8	24.044268	25.332058	1.287790	89.798483
9	24.054464	25.208821	1.154357	93.994444
10	24.057992	25.130619	1.072627	97.066832
11	24.070607	25.019506	0.948899	99.768755
12	24.077317	24.927576	0.850259	102.871195
13	24.081349	24.908744	0.827395	106.025912
14	24.082604	24.874742	0.792138	108.230062
15	24.085077	24.806539	0.721462	109.899930
16	24.086746	24.757526	0.670780	111.643078
17	24.087540	24.729406	0.641866	112.806695
18	24.087787	24.711439	0.623652	114.055017
19	24.088342	24.667134	0.578792	115.135170
20	24.088638	24.658838	0.570200	116.231658
21	24.088921	24.640942	0.552021	117.064190
22	24.089163	24.620425	0.531262	117.929201
23	24.089283	24.602050	0.512767	118.216804
24	24.089434	24.585138	0.495704	118.808096

24.089434	118.815812
Agent policy:
  Deterministic policy v377_a2 --> 1.0
Nature policy:
  Environment 0 --> 1.0
  Environment 1 --> 0.0
  Environment 2 --> 0.0
  Environment 3 --> 0.0