0	15.603714	36.576825	20.973111	4.219946
1	20.817738	49.744590	28.926852	40.638604
2	21.113172	43.072017	21.958845	109.848713
3	21.970116	47.290296	25.320180	150.556959
4	23.150131	40.465322	17.315191	227.537406
5	24.802195	45.766241	20.964046	278.836592
6	25.646459	43.023569	17.377110	334.514815
7	26.540891	45.525272	18.984381	396.188507
8	26.700269	46.918702	20.218433	461.568851
9	27.004777	43.151791	16.147014	612.548694
10	28.825027	44.371961	15.546934	763.338178
11	29.109671	41.469569	12.359898	841.939636
12	29.646965	46.250689	16.603724	968.154541
13	29.733818	41.634881	11.901063	1176.285558
14	31.024548	39.101536	8.076988	1364.859161
15	31.269741	41.189676	9.919935	1499.943105
16	31.396353	40.370975	8.974622	1654.359085
17	31.927030	39.326893	7.399863	1904.750284
18	32.006558	39.004354	6.997796	2086.793349
19	32.041707	38.167319	6.125612	2274.567832
20	32.219419	40.926176	8.706757	2598.914556
21	32.335502	38.732349	6.396847	3007.375170
22	32.733063	42.471585	9.738522	3355.594110
23	32.790149	39.697804	6.907655	3687.107427

32.790149	3687.490484
Agent policy:
  Deterministic policy v1257_a2 --> 0.556398
  Deterministic policy v1300_a2 --> 0.126217
  Deterministic policy v1302_a2 --> 0.317385
Nature policy:
  Environment 0 --> 0.759604
  Environment 1 --> 0.0
  Environment 2 --> 0.040861
  Environment 3 --> 0.199535
  Environment 4 --> 0.0