0	51.148139	91.932807	40.784668	4.580436
1	54.398284	87.545270	33.146986	49.166578
2	67.967303	87.545260	19.577957	84.411241
3	71.269174	86.028045	14.758871	124.841142
4	72.576239	84.177502	11.601263	172.628850
5	73.176847	83.605901	10.429054	217.920786
6	73.344971	82.642021	9.297050	264.377077
7	73.426700	82.213194	8.786494	311.765699
8	73.458015	81.730435	8.272420	360.974335
9	73.472480	81.153203	7.680723	410.581477
10	73.480023	80.820813	7.340790	466.277138
11	73.482843	80.693948	7.211105	516.133024
12	73.484123	80.199739	6.715616	572.668795
13	73.484684	79.951514	6.466830	632.239725
14	73.485044	79.711183	6.226139	691.719553
15	73.485208	79.629377	6.144169	755.396152
16	73.485270	79.562680	6.077410	816.133080
17	73.485292	79.372331	5.887039	872.444818
18	73.485304	79.019669	5.534365	928.513290
19	73.485313	78.746787	5.261474	987.430879
20	73.485317	78.583721	5.098404	1046.626890
21	73.485319	78.426934	4.941615	1102.194425
22	73.485320	78.294842	4.809522	1158.279710
23	73.485320	78.166506	4.681186	1216.536041
24	73.485320	78.102422	4.617102	1277.048122
25	73.485320	78.016569	4.531249	1344.100508
26	73.485320	77.804778	4.319458	1407.754458
27	73.485320	77.705896	4.220576	1467.201789
28	73.485320	77.603283	4.117963	1523.199320
29	73.485320	77.497569	4.012249	1584.586046
30	73.485320	77.445320	3.960000	1646.267117
31	73.485320	77.437502	3.952182	1720.729059
32	73.485320	77.356685	3.871365	1797.057907
33	73.485320	77.303041	3.817721	1874.202323
34	73.485320	77.214674	3.729354	1949.948498
35	73.485320	77.039602	3.554282	2030.798734
36	73.485320	76.917957	3.432637	2101.644416
37	73.485320	76.887184	3.401864	2176.940129
38	73.485320	76.860967	3.375647	2246.278632
39	73.485320	76.828866	3.343546	2312.193825
40	73.485320	76.811426	3.326106	2382.017431
41	73.485320	76.742245	3.256925	2453.161763
42	73.485320	76.677979	3.192659	2519.816332
43	73.485320	76.639214	3.153894	2585.246937
44	73.485320	76.516300	3.030980	2648.561658
45	73.485320	76.451707	2.966387	2711.221543
46	73.485320	76.420001	2.934681	2773.534920
47	73.485320	76.315664	2.830344	2842.218248
48	73.485320	76.299335	2.814015	2909.685482
49	73.485320	76.270021	2.784701	2977.134089
50	73.485320	76.233315	2.747995	3042.603029
51	73.485320	76.187780	2.702460	3113.163364
52	73.485320	76.149353	2.664033	3187.403968
53	73.485320	76.124614	2.639294	3256.438637
54	73.485320	76.086902	2.601582	3336.556636
55	73.485320	76.082620	2.597300	3415.740866
56	73.485320	76.064564	2.579244	3491.623579
57	73.485320	75.998599	2.513279	3564.712610
58	73.485320	75.963799	2.478479	3639.954388

73.485320	3639.956756
Agent policy:
  Deterministic policy v2638_a1 --> 1.0
Nature policy:
  Environment 0 --> 0.0
  Environment 1 --> 1.0
  Environment 2 --> 0.0