0	59.035539	68.779917	9.744378	2.479573
1	63.550345	68.779917	5.229572	13.926189
2	64.752911	68.779917	4.027006	24.090213
3	66.043581	68.776911	2.733330	32.065207
4	66.389292	68.774286	2.384994	39.022270
5	67.111743	68.768987	1.657244	44.229504
6	67.326831	68.766718	1.439887	48.190621
7	67.611490	68.762718	1.151228	51.335322
8	67.835632	68.759824	0.924192	53.598781
9	68.007562	68.757692	0.750130	55.262019
10	68.133965	68.756190	0.622225	56.231395
11	68.186321	68.755846	0.569525	56.949697
12	68.186321	68.755103	0.568782	57.503995
13	68.222660	68.754607	0.531947	57.790991
14	68.245847	68.754492	0.508645	58.081486
15	68.261899	68.754492	0.492593	58.484540

68.261899	58.495651
Agent policy:
  Deterministic policy v261_a2 --> 1.0
Nature policy:
  Environment 0 --> 0.0
  Environment 1 --> 1.0
  Environment 2 --> 0.0