0	15.603626	32.345000	16.741374	4.187676
1	20.488765	32.345000	11.856235	35.628245
2	22.909033	32.345000	9.435967	63.419286
3	25.113210	32.345000	7.231790	86.875699
4	26.577123	32.345000	5.767877	107.206266
5	27.908938	32.345000	4.436062	124.054754
6	28.923691	32.345000	3.421309	137.684229
7	29.697183	32.345000	2.647817	148.433666
8	30.286764	32.345000	2.058236	156.664852
9	30.736097	32.345000	1.608903	162.701110
10	31.078347	32.345000	1.266653	166.835119
11	31.304480	32.345000	1.040520	170.010471
12	31.506737	32.345000	0.838263	171.839948
13	31.629298	32.345000	0.715702	173.015759
14	31.697487	32.345000	0.647513	173.823824
15	31.746466	32.345000	0.598534	174.471198
16	31.765871	32.345000	0.579129	174.987447
17	31.811267	32.345000	0.533733	175.377141
18	31.836210	32.345000	0.508790	175.673321
19	31.852856	32.345000	0.492144	175.977172

31.852856	175.985036
Agent policy:
  Deterministic policy v472_a2 --> 1.0
Nature policy:
  Environment 0 --> 0.0
  Environment 1 --> 0.0
  Environment 2 --> 0.0
  Environment 3 --> 0.0
  Environment 4 --> 1.0