0	9.025000	23.746182	14.721182	47.869371
1	9.025000	23.746182	14.721182	109.830742
2	9.025000	23.746182	14.721182	159.462829
3	9.025000	24.847777	15.822777	196.710742
4	11.487754	25.223817	13.736063	301.791623
5	16.750507	23.835334	7.084827	370.401465
6	16.750507	23.777801	7.027294	413.227618
7	16.891182	24.423306	7.532124	443.222980
8	16.961942	24.468098	7.506156	487.677574
9	17.369736	26.088841	8.719105	519.593940
10	17.369736	26.074762	8.705026	551.717484
11	17.369736	25.720048	8.350312	566.347259
12	17.369736	25.722653	8.352917	646.928673
13	18.137207	24.983089	6.845882	699.051014
14	18.728441	24.679436	5.950995	730.126588
15	22.345464	25.523437	3.177973	800.086675
16	22.533423	25.419778	2.886355	832.148288
17	22.561162	23.790564	1.229402	875.046104
18	22.561162	23.528664	0.967502	891.345196

22.561162	891.433574
Agent policy:
  Deterministic policy v36_a2 --> 0.001928
  Deterministic policy v56_a2 --> 0.801373
  Deterministic policy v64_a2 --> 0.196699
Nature policy:
  Environment 0 --> 0.010507
  Environment 1 --> 0.056644
  Environment 2 --> 0.932849