0	8.573750	25.424669	16.850919	149.188162
1	8.573750	25.424669	16.850919	261.776237
2	8.573750	25.348407	16.774657	336.938533
3	12.034866	25.424669	13.389803	609.392653
4	12.907170	24.234387	11.327217	975.194197
5	15.820549	24.434382	8.613833	1230.576959
6	15.871163	24.160648	8.289485	1362.892386
7	16.004996	24.135308	8.130312	1499.119193
8	17.214239	24.672751	7.458512	1670.928128
9	20.440485	24.477489	4.037004	1771.379381
10	21.914108	25.083967	3.169859	1859.183095
11	22.010548	24.614016	2.603468	2006.931545
12	22.010548	23.463263	1.452715	2096.137995
13	22.010548	23.354282	1.343734	2345.604728
14	22.010548	22.900496	0.889948	2389.727968

22.010548	2389.882957
Agent policy:
  Deterministic policy v49_a5 --> 0.114605
  Deterministic policy v59_a2 --> 0.885395
Nature policy:
  Environment 0 --> 0.375475
  Environment 1 --> 0.0
  Environment 2 --> 0.624525