0	9.500000	18.525000	9.025000	1.556138
1	9.500000	18.525000	9.025000	2.472590
2	9.500000	18.073750	8.573750	2.930345
3	9.500000	18.310656	8.810656	3.389213
4	12.823959	17.757902	4.933943	5.400252
5	12.859717	17.567198	4.707481	7.666812
6	13.092180	17.025977	3.933797	9.585254
7	15.825001	17.649733	1.824732	10.951036
8	16.534402	16.852538	0.318136	11.694350

16.534402	11.701961
Agent policy:
  Deterministic policy v22_a2 --> 0.379707
  Deterministic policy v24_a0 --> 0.620293
Nature policy:
  Environment 0 --> 0.493835
  Environment 1 --> 0.506165