0	8.145062	12.936698	4.791636	91.489877
1	8.145062	12.936698	4.791636	300.117119
2	8.145062	12.936698	4.791636	486.320763
3	8.145062	12.936698	4.791636	649.036868
4	8.145062	12.936698	4.791636	788.544245
5	8.145062	12.936698	4.791636	904.909398
6	8.145062	12.936698	4.791636	998.170578
7	8.145062	12.936698	4.791636	1068.051967
8	8.145062	12.936698	4.791636	1114.677230
9	8.145062	14.447557	6.302495	1138.007279
10	8.145062	14.447557	6.302495	1231.201584
11	8.145062	14.447557	6.302495	1301.148309
12	8.145062	14.447557	6.302495	1347.773165
13	8.145062	15.002866	6.857804	1371.074579
14	8.145062	14.736928	6.591866	1612.116243
15	8.145062	14.419326	6.274264	1736.937189
16	8.145062	14.173665	6.028603	2220.900549
17	8.145062	14.000653	5.855591	2863.935568
18	8.145062	13.834405	5.689343	3212.068729
19	8.145062	13.482316	5.337254	3764.827599

8.145062	3765.029459
Agent policy:
  Deterministic policy v71_a2 --> 1.0
Nature policy:
  Environment 0 --> 0.0
  Environment 1 --> 0.361131
  Environment 2 --> 0.638869