0	8.145062	16.375919	8.230857	90.604725
1	8.145062	16.375919	8.230857	160.188968
2	8.145062	16.375919	8.230857	206.567730
3	8.145062	17.052657	8.907595	229.822733
4	8.145062	16.850919	8.705857	349.303445
5	8.145062	16.501466	8.356404	372.992129
6	8.473648	16.354958	7.881310	547.754003
7	8.839964	16.516978	7.677014	651.804065
8	10.255558	16.324758	6.069200	706.773937
9	12.968726	16.281640	3.312914	815.905084
10	13.050961	16.511195	3.460234	900.414536
11	13.238009	16.172106	2.934097	1016.605481
12	13.905412	16.294272	2.388860	1108.197399
13	14.470827	16.333274	1.862447	1135.619265
14	14.549262	15.944417	1.395155	1230.800745
15	14.549262	15.692171	1.142909	1288.113703
16	14.788293	16.272923	1.484630	1479.545233
17	14.790392	16.248542	1.458150	1617.904202
18	14.792136	16.163552	1.371416	1678.860288
19	14.803834	16.095570	1.291736	1763.806917
20	14.803834	15.575496	0.771662	1793.603883

14.803834	1793.748142
Agent policy:
  Deterministic policy v53_a0 --> 0.472432
  Deterministic policy v54_a2 --> 0.495985
  Deterministic policy v65_a2 --> 0.031583
Nature policy:
  Environment 0 --> 0.126463
  Environment 1 --> 0.16825
  Environment 2 --> 0.705286