0	8.145062	17.237809	9.092747	49.880588
1	8.145062	17.237809	9.092747	76.475425
2	8.145062	16.850919	8.705857	89.793363
3	8.145062	17.052657	8.907595	103.141729
4	13.465161	16.651158	3.185997	171.834850
5	13.528674	16.377209	2.848535	228.360970
6	13.550789	16.078958	2.528169	272.059495
7	14.959192	16.193782	1.234590	316.220940
8	15.400795	15.795804	0.395009	331.333938

15.400795	331.367810
Agent policy:
  Deterministic policy v23_a2 --> 0.389269
  Deterministic policy v26_a0 --> 0.610731
Nature policy:
  Environment 0 --> 0.494325
  Environment 1 --> 0.505675