0	8.145062	15.128435	6.983373	54.640787
1	8.145062	14.779267	6.634205	131.585364
2	8.145062	14.779267	6.634205	193.600583
3	8.145062	14.779267	6.634205	240.165592
4	8.145062	14.779267	6.634205	271.135142
5	8.145062	15.128435	6.983373	286.637525
6	8.145062	14.978751	6.833689	333.212849
7	9.350927	14.895620	5.544693	443.230505
8	9.366103	14.938195	5.572092	622.489566
9	11.151781	14.857020	3.705239	740.547647
10	11.166823	14.882870	3.716047	826.423523
11	11.175845	14.898373	3.722528	932.177718
12	11.215071	14.809785	3.594714	1021.018065
13	11.215071	14.768942	3.553871	1075.249523
14	13.103682	15.015460	1.911778	1109.638213
15	13.106964	14.974953	1.867989	1184.071393
16	13.137435	14.901552	1.764117	1242.271003
17	13.511766	14.710579	1.198813	1301.585237
18	13.511766	14.572518	1.060752	1337.079311
19	13.511766	14.348557	0.836791	1355.120651

13.511766	1355.124333
Agent policy:
  Deterministic policy v69_a0 --> 0.613905
  Deterministic policy v83_a0 --> 0.386095
Nature policy:
  Environment 0, State 1 --> 0.494163
  Environment 0, State 2 --> 0.505837