0	9.025000	17.598750	8.573750	15.618928
1	9.025000	15.882872	6.857872	28.755883
2	9.025000	15.882872	6.857872	46.474839
3	9.025000	17.170062	8.145062	59.762791
4	9.025000	16.589218	7.564218	64.194199
5	9.025000	16.411264	7.386264	77.777831
6	9.025000	16.363475	7.338475	86.939483
7	9.025000	17.264311	8.239311	96.327353
8	9.025000	16.966512	7.941512	125.482947
9	11.107551	16.324290	5.216739	172.605257
10	11.164060	16.378049	5.213989	216.890529
11	13.359345	16.074620	2.715275	240.756970
12	13.359345	15.910899	2.551554	276.365569
13	13.474989	16.045286	2.570297	302.293706
14	13.474989	15.916119	2.441130	353.494345
15	13.573488	16.040621	2.467133	402.906290
16	13.573488	15.988730	2.415242	440.984603
17	13.573488	15.777302	2.203814	466.643569
18	13.573488	15.690050	2.116562	488.118398
19	13.677312	15.699520	2.022208	514.082977
20	13.677312	15.521485	1.844173	550.172371
21	13.677312	15.514343	1.837031	600.266772
22	13.677312	15.345099	1.667787	634.205248
23	13.677312	15.226665	1.549353	689.120404
24	13.677312	15.165518	1.488206	716.021151
25	14.169935	15.521673	1.351738	755.603337
26	14.169935	15.484964	1.315029	783.013114
27	14.173632	15.221013	1.047381	808.677356
28	14.352090	15.647318	1.295228	815.882102
29	14.352090	15.633383	1.281293	836.757861
30	14.352090	15.592059	1.239969	871.155506
31	14.374688	15.348199	0.973511	878.383514

14.374688	878.389400
Agent policy:
  Deterministic policy v128_a2 --> 0.380208
  Deterministic policy v132_a0 --> 0.566247
  Deterministic policy v135_a0 --> 0.053545
Nature policy:
  Environment 0, State 1 --> 0.106161
  Environment 0, State 2 --> 0.77255
  Environment 0, State 3 --> 0.121289