0	8.145062	15.882872	7.737810	51.164227
1	8.145062	15.882872	7.737810	118.723984
2	8.145062	15.882872	7.737810	172.835709
3	8.145062	15.882872	7.737810	213.473381
4	8.145062	15.882872	7.737810	240.533352
5	8.145062	14.447557	6.302495	254.069928
6	8.145062	14.447557	6.302495	308.182171
7	8.145062	14.447557	6.302495	348.763167
8	8.145062	14.447557	6.302495	375.851501
9	8.145062	15.201097	7.056035	389.413138
10	8.145062	14.520259	6.375197	458.749409
11	8.474841	14.513438	6.038597	604.085137
12	8.603268	13.918887	5.315619	967.647567
13	8.786474	13.847372	5.060898	1213.223348
14	9.496560	13.906087	4.409527	1439.858551
15	9.885719	13.523149	3.637430	1631.732090
16	10.443459	13.517806	3.074347	1792.895563
17	10.716952	13.416485	2.699533	1982.966763
18	11.014833	13.149791	2.134958	2163.787847
19	11.014833	13.003568	1.988735	2541.788158
20	11.014833	12.892528	1.877695	2687.883271
21	11.024569	12.876355	1.851786	2897.039007
22	11.026915	12.804731	1.777816	3072.238206
23	11.026915	12.722638	1.695723	3251.864084
24	11.026915	12.611216	1.584301	3351.295859
25	11.026915	12.489403	1.462488	3606.115708

11.026915	3606.333031
Agent policy:
  Deterministic policy v149_a5 --> 0.918304
  Deterministic policy v183_a0 --> 0.081696
Nature policy:
  Environment 0 --> 0.405649
  Environment 1 --> 0.594351