0	7.350919	13.833063	6.482144	203.844956
1	7.350919	13.833063	6.482144	464.515198
2	7.350919	13.833063	6.482144	673.184141
3	7.350919	13.833063	6.482144	829.887415
4	7.350919	13.833063	6.482144	934.394362
5	7.350919	13.338288	5.987369	986.677050
6	7.350919	13.338288	5.987369	1300.202878
7	7.350919	13.338288	5.987369	1561.493961
8	7.350919	13.338288	5.987369	1770.746740
9	7.350919	13.338288	5.987369	1927.638115
10	7.350919	13.338288	5.987369	2032.151606
11	7.350919	13.636183	6.285264	2084.493344
12	8.363174	13.505721	5.142547	2458.617586
13	8.451283	13.573670	5.122387	3053.648421
14	10.024700	13.449804	3.425104	3329.147412
15	11.200430	13.339787	2.139357	3885.562433

11.200430	3885.714404
Agent policy:
  Deterministic policy v42_a0 --> 0.034714
  Deterministic policy v66_a0 --> 0.965286
Nature policy:
  Environment 0 --> 0.145414
  Environment 1 --> 0.854586