0	9.025000	17.170062	8.145062	12.141392
1	9.025000	17.170062	8.145062	22.062715
2	9.025000	17.170062	8.145062	28.645332
3	9.025000	17.869588	8.844588	31.943202
4	9.025000	17.645062	8.620062	57.070718
5	9.025000	17.429561	8.404561	60.755727
6	9.129163	17.327240	8.198077	68.699113
7	10.055854	17.161474	7.105620	98.364019
8	11.162319	17.345923	6.183604	108.239593
9	11.204725	17.116597	5.911872	137.360334
10	12.911160	16.991923	4.080763	159.485636
11	12.957911	17.137241	4.179330	177.888968
12	14.396167	16.940682	2.544515	207.778800
13	15.096244	17.127213	2.030969	234.829235
14	15.411070	16.715342	1.304272	240.245594
15	15.411070	16.436830	1.025760	263.516873
16	15.411070	16.373832	0.962762	269.055591

15.411070	269.098679
Agent policy:
  Deterministic policy v47_a2 --> 0.056201
  Deterministic policy v55_a2 --> 0.391515
  Deterministic policy v56_a0 --> 0.552284
Nature policy:
  Environment 0 --> 0.398172
  Environment 1 --> 0.407846
  Environment 2 --> 0.193981