0	8.573750	22.191327	13.617577	153.709877
1	8.573750	22.191327	13.617577	417.558769
2	8.573750	22.191327	13.617577	644.143501
3	8.573750	22.191327	13.617577	832.836766
4	8.573750	21.867116	13.293366	983.966070
5	9.997134	22.191327	12.194193	1376.232040
6	10.039317	21.602013	11.562696	1539.685726
7	10.051158	21.028809	10.977651	2046.782183
8	11.200248	20.570848	9.370600	2404.904330
9	11.852681	20.043221	8.190540	2905.685756
10	12.492752	19.863182	7.370430	3479.254951
11	13.149977	19.787707	6.637730	4081.270311

13.149977	4081.489783
Agent policy:
  Deterministic policy v75_a2 --> 0.064078
  Deterministic policy v87_a5 --> 0.870504
  Deterministic policy v92_a2 --> 0.065418
Nature policy:
  Environment 0 --> 0.480713
  Environment 1 --> 0.311161
  Environment 2 --> 0.208126