0	9.025000	23.662478	14.637478	122.414390
1	9.025000	23.662478	14.637478	268.042186
2	9.025000	23.662478	14.637478	384.862823
3	9.025000	24.113728	15.088728	472.583090
4	9.025000	24.250178	15.225178	560.255320
5	9.025000	22.808341	13.783341	802.397133
6	9.025000	23.066558	14.041558	1222.573545
7	9.025000	22.561011	13.536011	1465.989228
8	9.025000	23.489034	14.464034	1726.232737
9	10.382416	23.736055	13.353639	2120.484912
10	11.003260	23.732848	12.729588	2473.228133
11	11.231124	24.073055	12.841931	2810.882786
12	11.275951	23.548185	12.272234	3076.200889
13	11.380887	24.114931	12.734044	3580.759921
14	11.543914	23.129754	11.585840	4177.142311

11.543914	4177.445816
Agent policy:
  Deterministic policy v59_a2 --> 0.204541
  Deterministic policy v77_a0 --> 0.358404
  Deterministic policy v89_a0 --> 0.175552
  Deterministic policy v99_a2 --> 0.261504
Nature policy:
  Environment 0 --> 0.0
  Environment 1 --> 0.261371
  Environment 2 --> 0.140417
  Environment 3 --> 0.311239
  Environment 4 --> 0.286973
  Environment 5 --> 0.0