0	9.025000	15.882872	6.857872	12.350248
1	9.025000	15.882872	6.857872	28.910286
2	9.025000	15.882872	6.857872	42.159567
3	9.025000	15.882872	6.857872	52.095895
4	9.025000	15.882872	6.857872	58.722745
5	9.025000	16.762809	7.737809	62.046938
6	9.025000	16.762809	7.737809	68.682551
7	9.025000	17.121166	8.096166	72.021176
8	9.025000	16.385592	7.360592	93.182790
9	9.025000	16.783708	7.758708	141.925345
10	9.025000	16.448306	7.423306	156.828861
11	9.025000	16.152094	7.127094	197.260614
12	9.624174	15.985295	6.361121	249.265825
13	10.129308	16.121756	5.992448	351.496500
14	10.906884	16.143240	5.236356	362.627373
15	11.383020	15.811733	4.428713	431.846317
16	11.399990	15.616168	4.216178	478.201104
17	11.400403	15.482855	4.082452	529.178625
18	11.827799	15.871141	4.043342	562.141329
19	11.963996	16.080655	4.116659	607.309839
20	12.052143	15.520081	3.467938	628.087534
21	12.168951	15.738687	3.569736	682.329910
22	12.253002	15.450171	3.197169	696.360004
23	13.262535	16.008760	2.746225	724.722098
24	14.336028	15.781706	1.445678	753.728663
25	14.336127	15.775931	1.439804	799.320248
26	14.336127	15.734703	1.398576	858.222358
27	14.336127	15.710869	1.374742	882.540808
28	14.336127	15.686631	1.350504	915.131106
29	14.336889	15.731515	1.394626	974.120316
30	14.336889	15.651364	1.314475	997.837094
31	14.336889	15.583352	1.246463	1014.122669
32	14.336889	15.469171	1.132282	1030.973255
33	14.336889	15.109910	0.773021	1072.209780

14.336889	1072.317356
Agent policy:
  Deterministic policy v123_a2 --> 0.370214
  Deterministic policy v127_a0 --> 0.626344
  Deterministic policy v155_a0 --> 0.003442
Nature policy:
  Environment 0 --> 0.091963
  Environment 1 --> 0.082448
  Environment 2 --> 0.825588