0	9.025000	16.762809	7.737809	29.029120
1	9.025000	16.762809	7.737809	50.137122
2	9.025000	16.762809	7.737809	64.233393
3	9.025000	16.718812	7.693812	71.300142
4	9.025000	16.718812	7.693812	92.414605
5	9.025000	16.718812	7.693812	106.486936
6	9.025000	17.170062	8.145062	113.528552
7	9.025000	16.536085	7.511085	120.567610
8	9.025000	16.515429	7.490429	190.171761
9	9.025000	17.158255	8.133255	233.620638
10	9.025000	17.037355	8.012355	270.948686
11	9.025000	16.848149	7.823149	330.863637
12	9.025000	16.373899	7.348899	417.139692
13	9.025000	16.307255	7.282255	514.523949
14	9.025000	16.548331	7.523331	664.820987
15	9.025000	16.903717	7.878717	788.746719
16	9.025000	16.710923	7.685923	960.543931
17	9.025000	16.858377	7.833377	1134.958807
18	9.358760	16.809514	7.450754	1308.753218
19	10.101448	16.809581	6.708133	1631.173486
20	10.259443	16.391422	6.131979	1994.635671
21	10.421995	16.331781	5.909786	2157.720066
22	10.624375	16.308073	5.683698	2499.704401
23	10.744636	16.272391	5.527755	2704.723410
24	10.796674	16.101669	5.304995	3034.137368
25	10.938436	16.094176	5.155740	3311.070680
26	10.938436	15.866106	4.927670	3880.445822

10.938436	3880.693444
Agent policy:
  Deterministic policy v63_a2 --> 0.404077
  Deterministic policy v139_a0 --> 0.155617
  Deterministic policy v158_a0 --> 0.035325
  Deterministic policy v175_a0 --> 0.390097
  Deterministic policy v186_a0 --> 0.014884
Nature policy:
  Environment 0 --> 0.207341
  Environment 1 --> 0.235871
  Environment 2 --> 0.186669
  Environment 3 --> 0.15445
  Environment 4 --> 0.215668