0	9.500000	26.218812	16.718812	10.054976
1	9.500000	26.218812	16.718812	18.029939
2	9.500000	26.128629	16.628629	23.364181
3	12.871906	26.218812	13.346906	37.592880
4	13.287500	24.965474	11.677974	43.609768
5	17.139307	25.701406	8.562099	62.986892
6	17.172320	25.142478	7.970158	77.245451
7	17.788053	24.936610	7.148557	124.963819
8	17.788053	25.328286	7.540233	128.992557
9	18.262622	24.769287	6.506665	144.746821
10	18.280299	24.764431	6.484132	166.331042
11	19.024124	24.339245	5.315121	179.796971
12	22.461911	24.721264	2.259353	189.435079
13	22.461911	24.617659	2.155748	222.480721
14	22.461911	24.142336	1.680425	247.565271
15	22.461911	24.142336	1.680425	285.373194
16	22.462334	24.192727	1.730393	300.413890
17	22.564281	25.505655	2.941374	320.414177
18	22.583329	24.939928	2.356599	335.677356
19	22.583329	24.128284	1.544955	380.091793
20	22.592318	24.125789	1.533471	391.021478
21	22.592318	23.713135	1.120817	402.178166
22	22.592318	23.658320	1.066002	426.282408
23	22.592318	23.626860	1.034542	437.825931
24	22.592318	23.343484	0.751166	443.822929

22.592318	443.884922
Agent policy:
  Deterministic policy v84_a0 --> 0.064782
  Deterministic policy v87_a2 --> 0.932778
  Deterministic policy v90_a0 --> 0.002441
Nature policy:
  Environment 0 --> 0.191669
  Environment 1 --> 0.068813
  Environment 2 --> 0.739518