0	8.573750	16.762809	8.189059	22.184331
1	8.573750	15.088728	6.514978	41.280938
2	8.573750	15.088728	6.514978	73.555954
3	8.573750	15.088728	6.514978	99.404556
4	8.573750	15.088728	6.514978	118.805119
5	8.573750	15.088728	6.514978	131.733829
6	8.573750	16.762809	8.189059	138.201982
7	8.573750	16.003301	7.429551	144.660703
8	11.642882	15.461484	3.818602	170.732533
9	11.944979	15.810756	3.865777	238.550708
10	12.489974	15.578712	3.088738	252.760970
11	14.404598	15.117914	0.713316	267.276306

14.404598	267.278913
Agent policy:
  Deterministic policy v24_a0 --> 0.09319
  Deterministic policy v42_a2 --> 0.90681
Nature policy:
  Environment 0, State 1 --> 0.044207
  Environment 0, State 2 --> 0.955793