0	7.737809	16.850919	9.113110	104.166131
1	7.737809	16.850919	9.113110	158.521598
2	7.737809	16.483373	8.745564	185.804048
3	7.737809	16.674630	8.936821	213.077555
4	13.871461	16.330260	2.458799	352.924073
5	13.944626	16.036209	2.091583	409.608544
6	13.950199	15.643719	1.693520	466.520312
7	14.447480	15.699003	1.251523	523.636215
8	14.485564	15.517675	1.032111	610.378267
9	14.520588	15.370342	0.849754	640.345313

14.520588	640.395753
Agent policy:
  Deterministic policy v22_a5 --> 0.226127
  Deterministic policy v25_a5 --> 0.773873
Nature policy:
  Environment 0 --> 0.378043
  Environment 1 --> 0.621957