0	8.573750	14.334292	5.760542	37.760435
1	8.573750	14.334292	5.760542	106.392159
2	8.573750	14.334292	5.760542	165.299439
3	8.573750	14.334292	5.760542	214.408105
4	8.573750	14.334292	5.760542	253.690846
5	8.573750	14.334292	5.760542	283.174657
6	8.573750	14.334292	5.760542	302.839344
7	8.573750	15.557123	6.983373	312.679370
8	8.573750	15.557123	6.983373	342.138865
9	8.573750	15.557123	6.983373	361.809793
10	8.573750	16.030225	7.456475	371.643672
11	8.573750	15.586165	7.012415	453.915811
12	8.573750	15.600589	7.026839	497.007180
13	8.573750	15.032940	6.459190	634.719277
14	8.573750	14.757717	6.183967	771.148413
15	8.573750	15.147644	6.573894	994.308535
16	9.315650	14.960745	5.645095	1140.840426
17	9.658359	15.015936	5.357577	1200.263450
18	9.842534	14.782768	4.940234	1269.183449
19	10.086590	14.718969	4.632379	1299.130126
20	10.203851	14.688316	4.484465	1484.590523
21	10.342843	15.121301	4.778458	1801.589780
22	10.586738	14.735548	4.148810	2134.670194
23	10.622648	14.674824	4.052176	2355.954244
24	11.049525	14.576997	3.527472	2693.594906
25	11.072997	14.506245	3.433248	2810.112186
26	11.105772	14.262730	3.156958	3055.799425
27	11.105772	14.048306	2.942534	3174.733311
28	11.105772	13.955019	2.849247	3455.093670
29	11.111811	13.846001	2.734190	3622.750710

11.111811	3623.015678
Agent policy:
  Deterministic policy v163_a5 --> 0.368754
  Deterministic policy v197_a6 --> 0.139657
  Deterministic policy v206_a2 --> 0.491589
Nature policy:
  Environment 0 --> 0.332019
  Environment 1 --> 0.31858
  Environment 2 --> 0.349401