0	9.025000	24.113728	15.088728	48.682431
1	9.025000	24.113728	15.088728	110.083420
2	9.025000	24.113728	15.088728	159.262233
3	9.025000	23.909739	14.884739	196.162248
4	9.867998	24.113728	14.245730	300.565595
5	11.594183	22.810137	11.215954	411.273034
6	12.127941	22.459863	10.331922	588.735155
7	15.836863	23.321520	7.484657	717.911900
8	15.901330	23.384971	7.483641	940.409472
9	15.936781	22.208881	6.272100	1107.670756
10	15.965671	22.284466	6.318795	1247.309632
11	15.968917	21.753620	5.784703	1434.864186
12	15.968917	21.152910	5.183993	1601.012059
13	15.968917	20.959100	4.990183	1769.699789
14	15.968917	20.555966	4.587049	1847.936552
15	15.968917	20.435499	4.466582	2011.165222
16	16.002123	20.655799	4.653676	2110.581173
17	16.013441	20.703119	4.689678	2236.662627
18	16.366460	21.323898	4.957438	2316.537007
19	16.612688	20.946669	4.333981	2442.124245
20	16.612688	20.844436	4.231748	2504.837470
21	16.876084	20.812337	3.936253	2546.180106
22	19.460161	22.581563	3.121402	2567.495298
23	19.460161	22.210660	2.750499	2688.610160
24	19.492561	21.309102	1.816541	2730.483819
25	19.503305	21.317575	1.814270	2794.939054
26	19.503305	21.129989	1.626684	2921.991282
27	19.503305	20.623597	1.120292	3074.882066
28	19.503305	20.533058	1.029753	3189.877016
29	19.503305	20.402374	0.899069	3212.220097

19.503305	3212.428751
Agent policy:
  Deterministic policy v129_a0 --> 0.148117
  Deterministic policy v148_a0 --> 0.041989
  Deterministic policy v154_a2 --> 0.809894
Nature policy:
  Environment 0 --> 0.353419
  Environment 1 --> 0.076894
  Environment 2 --> 0.569688