0	8.573750	16.718812	8.145062	21.000430
1	8.573750	16.718812	8.145062	43.797395
2	8.573750	16.718812	8.145062	60.927285
3	8.573750	16.718812	8.145062	72.368350
4	8.573750	15.557123	6.983373	78.093280
5	8.573750	15.557123	6.983373	95.416534
6	8.573750	15.557123	6.983373	106.853838
7	8.573750	16.167010	7.593260	112.582519
8	9.997134	15.488814	5.491680	178.362863
9	10.039317	15.466038	5.426721	228.858067
10	10.051158	15.048272	4.997114	324.624155
11	10.594291	15.381177	4.786886	393.014503
12	10.692898	14.785114	4.092216	513.315872
13	10.939729	14.845444	3.905715	558.688818
14	10.991148	14.697640	3.706492	631.497927
15	11.040446	14.555933	3.515487	673.204341
16	11.963801	14.467434	2.503633	738.422707
17	11.964078	14.082496	2.118418	822.037620
18	11.979956	14.696974	2.717018	898.556920
19	12.133611	14.403166	2.269555	976.323235
20	12.297455	14.236665	1.939210	1020.524589
21	12.297455	13.927288	1.629833	1096.282519
22	12.297455	13.800947	1.503492	1173.179560
23	12.297455	13.759343	1.461888	1210.706551
24	12.297455	13.620491	1.323036	1273.704369
25	12.297455	13.617047	1.319592	1311.204236
26	12.297455	13.597737	1.300282	1364.488642
27	12.879945	14.437574	1.557629	1421.458337
28	13.019855	14.204640	1.184785	1489.584672
29	13.019855	14.039802	1.019947	1518.542498
30	13.019855	13.809679	0.789824	1588.833486

13.019855	1588.966150
Agent policy:
  Deterministic policy v158_a0 --> 0.366225
  Deterministic policy v171_a5 --> 0.633775
Nature policy:
  Environment 0 --> 0.56684
  Environment 1 --> 0.43316