0	7.737809	16.008373	8.270564	189.590385
1	7.737809	16.008373	8.270564	331.322012
2	7.737809	16.008373	8.270564	425.850203
3	7.737809	16.674630	8.936821	473.177686
4	7.737809	16.483373	8.745564	715.550249
5	7.737809	16.165552	8.427743	763.586747
6	8.579399	16.039249	7.459850	1115.112798
7	8.882483	16.153621	7.271138	1322.653542
8	10.261701	15.962614	5.700913	1429.907270
9	13.341700	15.963032	2.621332	1698.743227
10	13.426904	15.764101	2.337197	1919.914035
11	13.698526	15.902761	2.204235	2092.779803
12	14.264858	16.121510	1.856652	2323.463594
13	14.313309	15.719088	1.405779	2431.713879
14	14.314902	15.271615	0.956713	2555.947479

14.314902	2556.109883
Agent policy:
  Deterministic policy v45_a2 --> 0.278087
  Deterministic policy v46_a5 --> 0.621566
  Deterministic policy v51_a6 --> 0.100346
Nature policy:
  Environment 0 --> 0.194199
  Environment 1 --> 0.426489
  Environment 2 --> 0.379311