0	9.025000	18.073750	9.048750	20.399833
1	9.025000	18.073750	9.048750	30.848543
2	9.025000	17.170062	8.145062	36.100400
3	9.025000	17.384406	8.359406	41.344241
4	9.025000	17.363508	8.338508	57.866788
5	9.025000	17.422774	8.397774	81.075086
6	9.025000	17.619123	8.594123	118.184392
7	9.025000	17.524270	8.499270	157.415783
8	9.025000	17.727675	8.702675	207.844889
9	9.025000	17.409545	8.384545	224.602820
10	10.744887	17.102436	6.357549	273.801030
11	10.785793	17.117366	6.331573	346.209218
12	10.956040	17.262318	6.306278	372.135234
13	11.899883	17.025540	5.125657	418.374598
14	12.061531	16.941829	4.880298	508.776219
15	13.818701	16.891582	3.072881	597.076355
16	13.911524	16.737513	2.825989	695.853923
17	13.947987	17.188695	3.240708	789.872042
18	14.081034	17.149419	3.068385	859.336386
19	14.086780	16.574999	2.488219	915.891821
20	14.103026	16.475017	2.371991	1082.179224
21	14.264136	16.881385	2.617249	1162.166291
22	14.272595	16.260625	1.988030	1299.924633
23	14.272595	16.158836	1.886241	1371.403424
24	14.272595	15.941228	1.668633	1511.241994
25	14.335628	16.556930	2.221302	1555.797461
26	14.335628	16.269499	1.933871	1663.188296
27	14.362100	16.134963	1.772863	1808.390705
28	14.362100	15.990957	1.628857	1907.129409
29	14.362100	15.781418	1.419318	2102.787389
30	14.362100	15.682200	1.320100	2170.979996
31	14.362100	15.616537	1.254437	2240.234221
32	14.362100	15.496747	1.134647	2276.410151
33	14.362100	15.482055	1.119955	2478.922461
34	14.367628	15.500238	1.132610	2531.563912
35	14.370437	15.533247	1.162810	2601.673846
36	14.370437	15.429147	1.058710	2654.752382
37	14.370437	15.412769	1.042332	2823.144847
38	14.370437	15.327085	0.956648	2840.682474

14.370437	2840.854535
Agent policy:
  Deterministic policy v171_a2 --> 0.074671
  Deterministic policy v174_a2 --> 0.086182
  Deterministic policy v179_a2 --> 0.288898
  Deterministic policy v184_a0 --> 0.550249
Nature policy:
  Environment 0 --> 0.331908
  Environment 1 --> 0.115527
  Environment 2 --> 0.416862
  Environment 3 --> 0.135704