0	7.737809	14.779267	7.041458	114.806493
1	7.737809	16.008373	8.270564	271.599811
2	7.737809	16.008373	8.270564	335.029691
3	7.737809	14.779267	7.041458	366.805412
4	7.737809	14.779267	7.041458	461.999387
5	7.737809	15.310552	7.572743	493.757179
6	11.996854	14.989203	2.992349	654.125238
7	12.262967	15.293409	3.030442	816.691471
8	14.089729	14.831294	0.741565	949.185245

14.089729	949.187660
Agent policy:
  Deterministic policy v18_a0 --> 0.066884
  Deterministic policy v29_a0 --> 0.933116
Nature policy:
  Environment 0, State 1 --> 0.957671
  Environment 0, State 2 --> 0.042329