0	8.573750	16.762809	8.189059	37.298932
1	8.573750	16.762809	8.189059	66.558688
2	8.573750	16.762809	8.189059	86.144993
3	8.573750	17.450625	8.876875	95.956087
4	8.573750	17.237809	8.664059	168.724222
5	8.573750	17.021208	8.447458	179.170366
6	9.247030	16.854206	7.607176	201.288708
7	9.299915	16.784872	7.484957	293.042445
8	11.126689	16.730443	5.603754	342.288813
9	12.640566	16.820521	4.179955	381.694931
10	12.680116	16.437604	3.757488	422.671349
11	12.948560	16.842503	3.893943	477.373567
12	12.997787	16.414960	3.417173	489.843390
13	14.047303	16.652372	2.605069	535.008787
14	14.244134	16.669433	2.425299	610.298202
15	14.811042	16.321769	1.510727	623.611891
16	14.892449	16.354515	1.462066	651.167409
17	15.137274	16.662247	1.524973	675.813023
18	15.137634	16.608372	1.470738	703.526986
19	15.143571	16.467583	1.324012	745.070754
20	15.143571	16.271353	1.127782	773.489226
21	15.143571	16.133943	0.990372	787.720648

15.143571	787.819024
Agent policy:
  Deterministic policy v55_a2 --> 0.485825
  Deterministic policy v58_a0 --> 0.495166
  Deterministic policy v65_a0 --> 0.019009
Nature policy:
  Environment 0 --> 0.081486
  Environment 1 --> 0.108482
  Environment 2 --> 0.810032