0	8.573750	16.762809	8.189059	20.391052
1	8.573750	16.762809	8.189059	37.404099
2	8.573750	16.762809	8.189059	48.811072
3	8.573750	15.088728	6.514978	54.507879
4	8.573750	15.088728	6.514978	77.237822
5	8.573750	15.088728	6.514978	94.244036
6	8.573750	15.088728	6.514978	105.632991
7	8.573750	16.003301	7.429551	111.334559
8	11.642871	15.461486	3.818615	134.811866
9	11.944971	15.810758	3.865787	189.655925
10	12.489984	15.578705	3.088721	202.379713
11	14.404598	15.117913	0.713315	215.368536

14.404598	215.402903
Agent policy:
  Deterministic policy v22_a0 --> 0.09319
  Deterministic policy v38_a2 --> 0.90681
Nature policy:
  Environment 0 --> 0.044207
  Environment 1 --> 0.955793