0	8.145062	25.057123	16.912061	387.913927
1	8.145062	25.057123	16.912061	673.317292
2	8.145062	24.986964	16.841902	864.575888
3	11.647466	25.057123	13.409657	1454.748538
4	12.069839	23.886622	11.816783	1955.523192
5	15.436050	24.083481	8.647431	2563.485844
6	15.486903	23.817246	8.330343	3080.523992
7	15.651893	23.837429	8.185536	3498.699463
8	16.558520	23.844408	7.285888	3718.890272

16.558520	3719.054156
Agent policy:
  Deterministic policy v10_a2 --> 0.211861
  Deterministic policy v39_a2 --> 0.788139
Nature policy:
  Environment 0 --> 0.948859
  Environment 1 --> 0.015389
  Environment 2 --> 0.035752