0	9.025000	18.073750	9.048750	29.303403
1	9.025000	17.598750	8.573750	44.503287
2	9.025000	17.170062	8.145062	59.727544
3	9.025000	17.384406	8.359406	67.455028
4	9.025000	17.363508	8.338508	91.014998
5	9.025000	17.422774	8.397774	122.861524
6	9.025000	17.021640	7.996640	172.388777
7	9.025000	17.847531	8.822531	240.823702
8	9.025000	17.620492	8.595492	259.560860
9	9.025000	17.611278	8.586278	305.911737
10	9.806563	17.290994	7.484431	373.423203
11	10.252622	17.246915	6.994293	537.137123
12	10.898878	16.895243	5.996365	595.896641
13	11.054543	17.438042	6.383499	638.032909
14	11.578668	17.010036	5.431368	759.709616
15	11.901778	17.036075	5.134297	867.350606
16	12.067289	16.768689	4.701400	1109.372172
17	12.163166	16.729515	4.566349	1196.832581
18	12.757286	16.775695	4.018409	1318.786746
19	13.077806	16.867891	3.790085	1410.927239
20	13.232770	16.675839	3.443069	1532.876574
21	13.520478	16.418256	2.897778	1588.451008
22	13.597853	16.465739	2.867886	1673.100858
23	13.775548	17.102741	3.327193	1763.678519
24	13.842815	16.743793	2.900978	1821.004238
25	14.493523	16.984841	2.491318	1835.738226
26	14.502858	16.451228	1.948370	1864.253231
27	14.502858	16.204433	1.701575	1993.430593
28	14.502858	16.092651	1.589793	2068.562158
29	14.502858	16.087713	1.584855	2144.702332
30	14.502858	15.961464	1.458606	2260.011817
31	14.502858	15.718193	1.215335	2290.756035
32	14.528216	16.427019	1.898803	2307.025176
33	14.528216	16.427019	1.898803	2385.132170
34	14.528216	16.006142	1.477926	2448.283448
35	14.528216	15.931071	1.402855	2608.332841
36	14.532937	16.053712	1.520775	2657.133717
37	14.626938	16.029460	1.402522	2690.395452
38	14.626938	15.928044	1.301106	2789.084556
39	14.626938	15.885043	1.258105	2946.282310
40	14.626938	15.637163	1.010225	3047.396823
41	14.626938	15.477375	0.850437	3064.773556

14.626938	3064.784501
Agent policy:
  Deterministic policy v177_a2 --> 0.042221
  Deterministic policy v187_a0 --> 0.603132
  Deterministic policy v195_a2 --> 0.264877
  Deterministic policy v203_a2 --> 0.089771
Nature policy:
  Environment 0, State 1 --> 0.242556
  Environment 0, State 2 --> 0.162596
  Environment 0, State 3 --> 0.479651
  Environment 0, State 4 --> 0.115197