0	8.145062	15.128435	6.983373	49.741304
1	8.145062	15.128435	6.983373	116.988720
2	8.145062	15.128435	6.983373	170.907655
3	8.145062	15.128435	6.983373	211.286500
4	8.145062	15.128435	6.983373	238.232736
5	8.145062	14.779267	6.634205	251.732545
6	8.145062	14.779267	6.634205	292.171149
7	8.145062	14.779267	6.634205	319.103090
8	8.145062	14.978751	6.833689	332.586636
9	9.350927	14.895620	5.544693	429.546546
10	9.366103	14.938195	5.572092	575.637950
11	11.151777	14.857020	3.705243	683.492881
12	11.166819	14.882870	3.716051	761.737597
13	11.175840	14.898373	3.722533	858.819766
14	11.215063	14.809786	3.594723	940.009917
15	11.215063	14.768942	3.553879	990.372815
16	13.103682	15.015461	1.911779	1021.558089
17	13.106964	14.974953	1.867989	1091.499078
18	13.137435	14.901552	1.764117	1146.669814
19	13.511766	14.710580	1.198814	1203.225871
20	13.511766	14.572519	1.060753	1235.694541
21	13.511766	14.348558	0.836792	1252.383057

13.511766	1252.498091
Agent policy:
  Deterministic policy v71_a0 --> 0.613905
  Deterministic policy v80_a2 --> 0.386095
Nature policy:
  Environment 0 --> 0.494163
  Environment 1 --> 0.505837