0	7.737809	14.779267	7.041458	106.272117
1	7.737809	14.779267	7.041458	248.149945
2	7.737809	14.779267	7.041458	361.694903
3	7.737809	14.779267	7.041458	446.966380
4	7.737809	14.779267	7.041458	503.770544
5	7.737809	16.008373	8.270564	532.214776
6	7.737809	15.310552	7.572743	560.688047
7	11.996854	14.989203	2.992349	707.070698
8	12.262967	15.293409	3.030442	855.891930
9	14.089729	14.831294	0.741565	1007.927875

14.089729	1007.996316
Agent policy:
  Deterministic policy v21_a0 --> 0.066884
  Deterministic policy v33_a0 --> 0.933116
Nature policy:
  Environment 0 --> 0.957671
  Environment 1 --> 0.042329