0	7.350919	15.659204	8.308285	359.156236
1	7.350919	15.659204	8.308285	623.015600
2	7.350919	15.659204	8.308285	799.675325
3	7.350919	16.315543	8.964624	888.104976
4	7.350919	16.134204	8.783285	1338.743058
5	7.350919	15.818268	8.467349	1427.977049
6	8.233384	15.694587	7.461203	2076.517306
7	8.540012	15.807488	7.267476	2455.200417
8	9.925288	15.615363	5.690075	2649.201524
9	13.018459	15.615964	2.597505	3134.193779
10	13.106035	15.429274	2.323239	3528.542444
11	13.301299	15.555470	2.254171	3834.864592

13.301299	3835.052491
Agent policy:
  Deterministic policy v33_a5 --> 0.139279
  Deterministic policy v39_a5 --> 0.218011
  Deterministic policy v42_a5 --> 0.64271
Nature policy:
  Environment 0 --> 0.503604
  Environment 1 --> 0.247606
  Environment 2 --> 0.24879