0	9.025000	24.113728	15.088728	46.103318
1	9.025000	24.113728	15.088728	108.407568
2	9.025000	25.022821	15.997821	158.692645
3	11.487754	25.351220	13.863466	222.881224
4	16.750507	24.203627	7.453120	288.763942
5	16.750507	24.148856	7.398349	329.847444
6	16.750507	24.122378	7.371871	358.146587
7	16.901601	24.842377	7.940776	386.767369
8	16.911392	24.630758	7.719366	485.540928
9	16.925691	24.793380	7.867689	544.862944
10	17.379673	25.903752	8.524079	605.619628
11	17.379673	25.749538	8.369865	668.066524
12	17.379673	25.801513	8.421840	717.433234
13	18.881028	25.010594	6.129566	761.954726
14	19.595932	24.561274	4.965342	814.562042
15	22.751820	25.796007	3.044187	845.306902
16	22.751820	25.754616	3.002796	914.567231
17	22.759083	25.115762	2.356679	960.721369
18	22.759083	24.974908	2.215825	1018.783447
19	22.794951	25.116287	2.321336	1050.675739
20	22.921322	24.141436	1.220114	1082.813270
21	22.921322	24.029818	1.108496	1143.092751
22	22.921322	23.960882	1.039560	1175.227189
23	22.921322	23.927870	1.006548	1253.463536
24	22.921322	23.720787	0.799465	1269.638852

22.921322	1269.643161
Agent policy:
  Deterministic policy v64_a2 --> 0.675381
  Deterministic policy v76_a2 --> 0.313604
  Deterministic policy v83_a0 --> 0.011015
Nature policy:
  Environment 0, State 4 --> 0.041269
  Environment 0, State 5 --> 0.028916
  Environment 0, State 6 --> 0.929815