0	9.025000	17.598750	8.573750	12.690028
1	9.025000	17.598750	8.573750	23.054865
2	9.025000	17.598750	8.573750	29.952390
3	9.025000	17.170062	8.145062	33.398778
4	9.025000	16.589218	7.564218	36.857982
5	9.025000	16.411264	7.386264	47.681993
6	9.025000	16.363475	7.338475	55.010560
7	9.025000	16.555196	7.530196	62.697730
8	9.025000	17.264311	8.239311	91.840226
9	11.107551	16.324290	5.216739	114.942232
10	11.164060	16.378049	5.213989	140.398086
11	12.114017	16.896770	4.782753	166.868495
12	12.339980	16.356781	4.016801	188.725247
13	13.359345	15.910899	2.551554	207.039002
14	13.359345	15.882872	2.523527	231.130600
15	13.402795	15.943894	2.541099	241.591609
16	13.484445	15.949647	2.465202	269.210624
17	13.487430	15.896788	2.409358	318.019075
18	13.528022	15.923498	2.395476	342.000484
19	14.004055	16.071728	2.067673	421.479107
20	14.004055	16.007692	2.003637	477.216848
21	14.031407	15.611081	1.579674	512.031685
22	14.032478	15.572288	1.539810	558.824401
23	14.032478	15.526238	1.493760	586.098869
24	14.036056	15.500057	1.464001	624.305836
25	14.036056	15.422098	1.386042	645.097739
26	14.056429	15.381409	1.324980	690.628855
27	14.173343	15.418092	1.244749	697.325907
28	14.173343	15.418092	1.244749	724.369157
29	14.173343	15.333958	1.160615	753.816936
30	14.173343	15.195000	1.021657	767.783571
31	14.173343	15.063232	0.889889	774.896224

14.173343	774.990054
Agent policy:
  Deterministic policy v104_a2 --> 0.115162
  Deterministic policy v111_a2 --> 0.310104
  Deterministic policy v118_a0 --> 0.574735
Nature policy:
  Environment 0 --> 0.199498
  Environment 1 --> 0.528833
  Environment 2 --> 0.27167