0	9.025000	25.811559	16.786559	47.398127
1	9.025000	25.811559	16.786559	84.125488
2	9.025000	25.728666	16.703666	108.699343
3	12.442655	25.811559	13.368904	186.070551
4	12.860625	24.587175	11.726550	252.454592
5	16.722254	25.304462	8.582208	335.480227
6	16.740302	24.820953	8.080651	393.932975
7	17.357140	24.585489	7.228349	609.253489
8	17.357140	24.414077	7.056937	640.116779
9	17.357140	25.034082	7.676942	662.685473
10	17.858801	24.385729	6.526928	734.749608
11	17.877138	24.345515	6.468377	809.854141
12	18.000552	24.573376	6.572824	843.109763
13	18.658579	24.206619	5.548040	889.185146
14	22.244238	25.037061	2.792823	905.621917
15	22.269239	24.260735	1.991496	968.451448
16	22.280189	23.986608	1.706419	1001.863996
17	22.322925	23.896585	1.573660	1018.963492
18	22.322925	23.454348	1.131423	1070.557472
19	22.322925	23.177092	0.854167	1105.015457

22.322925	1105.120810
Agent policy:
  Deterministic policy v67_a2 --> 0.0145
  Deterministic policy v69_a0 --> 0.067255
  Deterministic policy v73_a2 --> 0.918244
Nature policy:
  Environment 0 --> 0.310065
  Environment 1 --> 0.01408
  Environment 2 --> 0.675855