0	9.500000	17.598750	8.098750	2.767012
1	9.500000	17.598750	8.098750	5.116127
2	9.500000	17.598750	8.098750	6.728260
3	9.500000	18.310656	8.810656	7.514648
4	9.500000	17.704282	8.204282	11.799320
5	9.500000	17.859406	8.359406	15.653467
6	9.562103	17.756669	8.194566	17.816554
7	10.490176	17.590470	7.100294	27.539404
8	11.594559	17.773357	6.178798	36.343442
9	11.636537	17.543452	5.906915	44.945982
10	12.648584	17.541541	4.892957	52.823235
11	13.077486	17.326306	4.248820	61.427473
12	14.788674	17.333557	2.544883	70.867882
13	14.901998	17.391137	2.489139	81.404687
14	15.234357	17.612318	2.377961	85.329130
15	15.891240	17.437108	1.545868	87.287848
16	15.893029	17.340269	1.447240	95.213675
17	15.895093	17.180200	1.285107	99.340044
18	15.895093	17.056321	1.161228	103.584068
19	15.895093	16.917897	1.022804	113.004748
20	15.895093	16.765185	0.870092	115.085304

15.895093	115.114257
Agent policy:
  Deterministic policy v62_a0 --> 0.490367
  Deterministic policy v65_a0 --> 0.01462
  Deterministic policy v71_a2 --> 0.495013
Nature policy:
  Environment 0 --> 0.073052
  Environment 1 --> 0.097381
  Environment 2 --> 0.829567