0	7.350919	16.483373	9.132454	194.726331
1	7.350919	16.483373	9.132454	294.212183
2	7.350919	16.134204	8.783285	344.217644
3	7.350919	16.315543	8.964624	394.182227
4	13.535857	15.982854	2.446997	649.813807
5	13.606155	15.687349	2.081194	858.560519
6	13.620945	15.314303	1.693358	962.395398
7	14.130453	15.370078	1.239625	1066.561624
8	14.165854	15.197835	1.031981	1173.251084
9	14.478009	15.772095	1.294086	1227.469863
10	14.538921	15.507852	0.968931	1280.591261

14.538921	1280.659114
Agent policy:
  Deterministic policy v26_a0 --> 0.686448
  Deterministic policy v27_a5 --> 0.313552
Nature policy:
  Environment 0 --> 0.65986
  Environment 1 --> 0.34014